 r12 :  7.94084465940298E+05   1.41494985606667E-73
 x21 :  4.15098836159307E-02   0.00000000000000E+00
 x22 :  0.00000000000000E+00  -1.57090990889527E-89
 x23 :  9.58490116384069E-01   2.69880267346701E-79
 r11 :  0.00000000000000E+00  -5.14755758946803E-85
 r13 :  0.00000000000000E+00   3.08853455368082E-84
 r22 :  7.03111684730343E+05  -4.08156435480993E-68
 x11 :  5.78649265751388E-01  -3.53737464016668E-74
 x12 :  0.00000000000000E+00   0.00000000000000E+00
 x13 :  4.21350734248612E-01   0.00000000000000E+00
 r21 : -8.96831017167883E-44   0.00000000000000E+00
 r23 : -5.47382212626882E-48  -4.31808427754722E-78
 
 
 
 
 the solution for t :
 r12 : -5.60519385729927E-45   8.55284707229503E-50
 x21 :  5.30445635388780E-01   1.12103877145985E-44
 x22 :  4.27642353614751E-50   0.00000000000000E+00
 x23 :  4.69554364611220E-01   0.00000000000000E+00
 r11 : -2.62607881212949E+05   0.00000000000000E+00
 r13 :  1.79366203433577E-43   0.00000000000000E+00
 r22 :  4.27725887383136E+05  -4.70197740328915E-38
 x11 :  0.00000000000000E+00  -1.09476442525376E-47
 x12 :  5.66969053630450E-01   0.00000000000000E+00
 x13 :  4.33030946369550E-01  -5.60519385729927E-45
 r21 :  1.79366203433577E-43   2.73691106313441E-48
 r23 :  0.00000000000000E+00   0.00000000000000E+00 