solution 1:

x31: 1.000000
x21: 1.000000
x11: 1.000000


solution 2:

x31: 0.957678
x21: 0.739816
x23: 0.260184
x33: 0.042322
x11: 1.000000


solution 3:

x31: 0.411054
x21: 0.137583
x22: 0.504278
x23: 0.358139
x33: 0.588946
x11: 0.568813
x12: 0.009313
x13: 0.421874

solution 4:


x31: 0.152935
x22: 0.989050
x23: 0.010950
x32: 0.483807
x33: 0.363258
x11: 0.478014
x13: 0.521986

solution 5:

x22: 1.000000
x32: 0.624623
x33: 0.375377
x11: 0.475031
x13: 0.524969

solution 6:

x31: 0.670496
x21: 0.440859
x23: 0.559141
x33: 0.329504
x12: 1.000000

solution 7:

x31: 0.782924
x21: 0.710070
x23: 0.289930
x33: 0.217076
x11: 0.707458
x12: 0.292542

solution8:

r12: 0.000000
x31: 0.180717
x21: 0.000000
x22: 0.000000
x23: 1.000000
x32: -0.000000
x33: 0.819283
r11: 1198091.714622
r13: 0.000000
r22: 130177.411638
x11: -0.000000
x12: 0.860830
x13: 0.139170
r21: 691585.442089
r23: 0.000000
r32: 620665.877780
r31: -0.000000
r33: 0.000000
